1 60.0 27.0 325.0 304.0
2 139.0 30.0 153.0 264.0
3 14.0 112.0 388.0 186.0
4 112.0 90.0 255.0 242.0
5 70.0 50.0 134.0 303.0
6 33.0 53.0 251.0 395.0
7 7.0 75.0 420.0 262.0
8 78.0 86.0 333.0 158.0
9 112.0 76.0 221.0 189.0
10 27.0 4.0 199.0 201.0
11 1.0 52.0 342.0 260.0
12 47.0 21.0 179.0 249.0
13 36.0 32.0 197.0 457.0
14 37.0 40.0 262.0 184.0
15 23.0 80.0 395.0 237.0
16 141.0 87.0 256.0 211.0
17 40.0 38.0 254.0 209.0
18 45.0 58.0 254.0 249.0
19 135.0 83.0 304.0 181.0
20 23.0 195.0 255.0 122.0
21 11.0 77.0 281.0 139.0
22 5.0 4.0 210.0 130.0
23 154.0 93.0 188.0 165.0
24 50.0 25.0 156.0 139.0
25 172.0 106.0 265.0 214.0
26 37.0 61.0 409.0 180.0
27 65.0 62.0 309.0 345.0
28 1.0 2.0 499.0 286.0
29 97.0 3.0 235.0 254.0
30 90.0 29.0 224.0 211.0
31 38.0 15.0 314.0 301.0
32 20.0 91.0 416.0 203.0
33 82.0 52.0 260.0 260.0
34 66.0 115.0 360.0 214.0
35 19.0 18.0 464.0 294.0
36 72.0 40.0 286.0 225.0
37 216.0 119.0 221.0 154.0
38 40.0 4.0 368.0 445.0
39 69.0 57.0 199.0 141.0
40 130.0 29.0 202.0 393.0
41 53.0 46.0 302.0 317.0
42 25.0 17.0 368.0 299.0
43 137.0 64.0 287.0 156.0
44 111.0 42.0 133.0 219.0
45 58.0 51.0 388.0 211.0
46 13.0 28.0 212.0 283.0
47 5.0 127.0 496.0 131.0
48 113.0 260.0 127.0 130.0
49 49.0 69.0 253.0 211.0
50 24.0 144.0 433.0 130.0
51 151.0 152.0 310.0 200.0
52 157.0 45.0 103.0 324.0
53 60.0 29.0 432.0 355.0
54 131.0 36.0 212.0 304.0
55 152.0 86.0 120.0 141.0
56 2.0 45.0 189.0 120.0
57 214.0 87.0 204.0 179.0
58 46.0 24.0 197.0 117.0
59 72.0 29.0 224.0 262.0
60 96.0 77.0 260.0 170.0
61 144.0 40.0 333.0 165.0
62 202.0 28.0 164.0 340.0
63 72.0 68.0 383.0 225.0
64 60.0 128.0 438.0 106.0
65 32.0 35.0 259.0 361.0
66 41.0 79.0 387.0 202.0
67 156.0 35.0 126.0 259.0
68 108.0 123.0 230.0 149.0
69 82.0 75.0 308.0 260.0
70 89.0 172.0 108.0 146.0
71 83.0 124.0 211.0 250.0
72 75.0 80.0 375.0 277.0
73 41.0 31.0 384.0 260.0
74 45.0 31.0 268.0 306.0
75 38.0 91.0 316.0 193.0
76 137.0 72.0 202.0 211.0
77 15.0 25.0 409.0 274.0
78 193.0 46.0 202.0 195.0
79 99.0 115.0 316.0 284.0
80 71.0 50.0 312.0 236.0
81 67.0 25.0 358.0 248.0
82 109.0 13.0 276.0 295.0
83 35.0 114.0 418.0 216.0
84 41.0 89.0 378.0 304.0
85 8.0 75.0 350.0 424.0
86 157.0 36.0 195.0 365.0
87 30.0 7.0 437.0 321.0
88 58.0 91.0 332.0 256.0
89 84.0 25.0 285.0 307.0
90 193.0 53.0 244.0 254.0
91 119.0 42.0 118.0 123.0
92 18.0 60.0 459.0 239.0
93 135.0 120.0 201.0 138.0
94 45.0 10.0 322.0 281.0
95 120.0 60.0 101.0 218.0
96 151.0 23.0 274.0 351.0
97 46.0 71.0 403.0 280.0
98 118.0 19.0 222.0 294.0
99 24.0 53.0 361.0 181.0
100 13.0 58.0 473.0 243.0
101 125.0 72.0 306.0 149.0
102 92.0 47.0 331.0 260.0
103 152.0 41.0 187.0 271.0
104 83.0 90.0 245.0 394.0
105 127.0 55.0 252.0 182.0
106 116.0 18.0 283.0 314.0
107 64.0 94.0 287.0 223.0
108 138.0 88.0 120.0 156.0
109 43.0 62.0 286.0 432.0
110 148.0 115.0 149.0 193.0
111 136.0 66.0 171.0 243.0
112 140.0 100.0 237.0 199.0
113 31.0 52.0 377.0 172.0
114 26.0 53.0 331.0 211.0
115 183.0 80.0 237.0 200.0
116 128.0 109.0 221.0 198.0
117 165.0 48.0 166.0 268.0
118 145.0 42.0 182.0 288.0
119 92.0 69.0 366.0 269.0
120 77.0 93.0 163.0 178.0
121 196.0 96.0 222.0 147.0
122 102.0 128.0 396.0 148.0
123 105.0 133.0 168.0 283.0
124 169.0 41.0 180.0 249.0
125 1.0 134.0 316.0 345.0
126 36.0 63.0 448.0 252.0
127 92.0 117.0 327.0 121.0
128 55.0 49.0 176.0 150.0
129 206.0 107.0 140.0 115.0
130 98.0 24.0 240.0 313.0
131 114.0 30.0 205.0 281.0
132 75.0 2.0 397.0 330.0
133 86.0 57.0 130.0 270.0
134 49.0 75.0 366.0 157.0
135 33.0 118.0 235.0 173.0
136 121.0 74.0 149.0 134.0
137 134.0 96.0 123.0 289.0
138 165.0 34.0 288.0 296.0
139 98.0 140.0 181.0 247.0
140 6.0 1.0 493.0 497.0
141 89.0 168.0 160.0 245.0
142 9.0 67.0 312.0 252.0
143 1.0 14.0 250.0 248.0
144 1.0 15.0 415.0 302.0
145 191.0 51.0 233.0 253.0
146 0.0 67.0 212.0 163.0
147 122.0 35.0 377.0 297.0
148 105.0 77.0 267.0 159.0
149 16.0 36.0 190.0 289.0
150 12.0 9.0 466.0 307.0
151 14.0 39.0 455.0 167.0
152 165.0 55.0 128.0 219.0
153 37.0 35.0 142.0 141.0
154 113.0 91.0 287.0 153.0
155 15.0 46.0 410.0 338.0
156 145.0 104.0 217.0 215.0
157 136.0 6.0 222.0 340.0
158 22.0 13.0 325.0 428.0
159 0.0 0.0 400.0 378.0
160 139.0 33.0 337.0 319.0
161 247.0 62.0 217.0 251.0
162 123.0 46.0 267.0 408.0
163 55.0 65.0 319.0 364.0
164 0.0 74.0 443.0 200.0
165 14.0 7.0 477.0 327.0
166 22.0 98.0 449.0 192.0
167 27.0 37.0 283.0 232.0
168 96.0 58.0 246.0 351.0
169 177.0 13.0 174.0 333.0
170 132.0 82.0 268.0 206.0
171 150.0 44.0 156.0 192.0
172 37.0 18.0 222.0 290.0
173 209.0 1.0 145.0 326.0
174 236.0 36.0 123.0 115.0
175 95.0 65.0 379.0 185.0
176 20.0 18.0 314.0 367.0
177 19.0 9.0 183.0 405.0
178 77.0 38.0 171.0 158.0
179 214.0 30.0 151.0 327.0
180 17.0 87.0 433.0 262.0
181 140.0 76.0 141.0 297.0
182 62.0 108.0 308.0 310.0
183 113.0 88.0 216.0 268.0
184 61.0 41.0 230.0 414.0
185 226.0 140.0 163.0 109.0
186 63.0 90.0 435.0 199.0
187 115.0 62.0 323.0 286.0
188 71.0 43.0 320.0 245.0
189 200.0 149.0 111.0 117.0
190 166.0 113.0 233.0 152.0
191 170.0 73.0 145.0 212.0
192 62.0 28.0 234.0 355.0
193 86.0 100.0 161.0 329.0
194 61.0 52.0 377.0 290.0
195 205.0 140.0 182.0 173.0
196 228.0 28.0 187.0 281.0
197 166.0 86.0 207.0 214.0
198 174.0 29.0 264.0 370.0
199 102.0 103.0 209.0 342.0
200 103.0 46.0 174.0 328.0
201 165.0 86.0 126.0 156.0
202 92.0 94.0 213.0 295.0
203 102.0 56.0 117.0 176.0
204 247.0 135.0 106.0 171.0
205 68.0 157.0 242.0 220.0
206 24.0 58.0 432.0 238.0
207 169.0 105.0 220.0 221.0
208 131.0 101.0 175.0 230.0
209 147.0 142.0 148.0 208.0
210 178.0 28.0 124.0 286.0
211 65.0 54.0 154.0 374.0
212 184.0 99.0 117.0 193.0
213 115.0 59.0 329.0 255.0
214 120.0 144.0 239.0 257.0
215 22.0 103.0 233.0 314.0
216 34.0 138.0 287.0 158.0
217 143.0 70.0 166.0 255.0
218 110.0 67.0 389.0 233.0
219 187.0 60.0 134.0 255.0
220 110.0 75.0 128.0 256.0
221 290.0 97.0 145.0 142.0
222 45.0 43.0 270.0 342.0
223 58.0 54.0 441.0 320.0
224 160.0 65.0 156.0 234.0
225 89.0 34.0 228.0 339.0
226 94.0 22.0 222.0 470.0
227 123.0 49.0 306.0 200.0
228 110.0 52.0 219.0 368.0
229 122.0 64.0 176.0 338.0
230 188.0 151.0 197.0 115.0
231 91.0 53.0 250.0 221.0
232 116.0 37.0 144.0 453.0
233 114.0 86.0 302.0 285.0
234 155.0 118.0 222.0 184.0
235 156.0 25.0 198.0 349.0
236 215.0 59.0 111.0 353.0
237 55.0 46.0 121.0 119.0
238 183.0 98.0 114.0 217.0
239 204.0 60.0 152.0 281.0
240 48.0 68.0 167.0 414.0
241 101.0 64.0 165.0 404.0
242 52.0 51.0 278.0 448.0
243 22.0 45.0 225.0 373.0
244 1.0 14.0 295.0 224.0
245 25.0 39.0 247.0 460.0
246 124.0 116.0 235.0 245.0
247 39.0 59.0 175.0 212.0
248 32.0 43.0 138.0 128.0
249 130.0 59.0 176.0 400.0
250 31.0 9.0 139.0 255.0
251 156.0 54.0 236.0 423.0
252 11.0 8.0 201.0 302.0
253 113.0 15.0 217.0 312.0
254 5.0 25.0 308.0 459.0
255 45.0 23.0 256.0 447.0
256 10.0 69.0 220.0 299.0
257 34.0 141.0 251.0 331.0
258 114.0 75.0 143.0 338.0
259 53.0 62.0 142.0 280.0
260 84.0 101.0 117.0 251.0
261 30.0 132.0 176.0 234.0
262 98.0 57.0 122.0 286.0
263 60.0 54.0 226.0 264.0
264 252.0 54.0 111.0 211.0
265 118.0 9.0 271.0 466.0
266 58.0 50.0 128.0 191.0
267 209.0 22.0 196.0 128.0
268 317.0 96.0 129.0 269.0
269 52.0 63.0 295.0 424.0
270 60.0 66.0 263.0 396.0
271 236.0 125.0 147.0 113.0
272 0.0 0.0 500.0 375.0
273 189.0 235.0 105.0 143.0
274 78.0 73.0 108.0 120.0
275 130.0 145.0 146.0 117.0
276 177.0 146.0 186.0 173.0
277 133.0 20.0 309.0 355.0
278 38.0 17.0 388.0 359.0
279 6.0 6.0 277.0 422.0
280 177.0 27.0 177.0 387.0
281 10.0 157.0 183.0 274.0
282 120.0 82.0 121.0 143.0
283 82.0 22.0 387.0 362.0
284 90.0 125.0 180.0 313.0
285 205.0 94.0 193.0 212.0
286 144.0 31.0 192.0 333.0
287 59.0 34.0 281.0 450.0
288 89.0 52.0 136.0 174.0
289 99.0 102.0 195.0 209.0
290 96.0 61.0 190.0 205.0
291 92.0 90.0 126.0 202.0
292 23.0 78.0 254.0 326.0
293 28.0 133.0 167.0 278.0
294 5.0 4.0 131.0 149.0
295 157.0 50.0 186.0 292.0
296 54.0 118.0 195.0 297.0
297 57.0 90.0 300.0 313.0
298 42.0 36.0 204.0 338.0
299 81.0 107.0 192.0 329.0
300 103.0 89.0 107.0 143.0
301 74.0 89.0 104.0 152.0
302 95.0 111.0 227.0 310.0
303 62.0 65.0 146.0 240.0
304 69.0 59.0 203.0 220.0
305 120.0 37.0 205.0 262.0
306 24.0 21.0 241.0 417.0
307 75.0 58.0 268.0 222.0
308 52.0 35.0 373.0 371.0
309 56.0 54.0 135.0 240.0
310 14.0 8.0 179.0 207.0
311 120.0 120.0 203.0 101.0
312 116.0 95.0 272.0 222.0
313 80.0 82.0 151.0 162.0
314 109.0 94.0 164.0 212.0
315 31.0 107.0 170.0 218.0
316 1.0 106.0 192.0 296.0
317 95.0 69.0 161.0 130.0
318 17.0 25.0 178.0 237.0
319 175.0 217.0 157.0 179.0
320 122.0 70.0 228.0 261.0
321 85.0 87.0 147.0 232.0
322 134.0 74.0 132.0 162.0
323 21.0 10.0 389.0 461.0
324 71.0 77.0 268.0 344.0
325 138.0 55.0 338.0 259.0
326 56.0 89.0 189.0 373.0
327 13.0 42.0 349.0 312.0
328 106.0 92.0 197.0 288.0
329 194.0 139.0 111.0 245.0
330 71.0 66.0 146.0 228.0
331 117.0 45.0 106.0 188.0
332 40.0 22.0 113.0 151.0
333 66.0 87.0 205.0 278.0
334 68.0 133.0 276.0 301.0
335 138.0 73.0 291.0 312.0
336 145.0 94.0 124.0 163.0
337 126.0 147.0 169.0 245.0
338 162.0 11.0 174.0 364.0
339 120.0 172.0 183.0 278.0
340 88.0 96.0 222.0 385.0
341 185.0 6.0 158.0 317.0
342 105.0 96.0 247.0 318.0
343 94.0 92.0 225.0 340.0
344 112.0 31.0 162.0 278.0
345 50.0 164.0 189.0 279.0
346 149.0 64.0 280.0 270.0
347 48.0 107.0 213.0 319.0
348 92.0 39.0 191.0 200.0
349 123.0 32.0 364.0 276.0
350 81.0 141.0 173.0 346.0
351 218.0 48.0 226.0 237.0
352 50.0 81.0 149.0 213.0
353 169.0 89.0 229.0 240.0
354 61.0 83.0 236.0 141.0
355 60.0 49.0 176.0 142.0
356 33.0 72.0 362.0 239.0
357 164.0 84.0 178.0 228.0
358 90.0 100.0 225.0 314.0
359 65.0 47.0 191.0 116.0
360 248.0 170.0 141.0 226.0
361 114.0 92.0 229.0 326.0
362 78.0 61.0 411.0 279.0
363 185.0 49.0 232.0 272.0
364 81.0 62.0 189.0 412.0
365 142.0 111.0 198.0 327.0
366 90.0 57.0 224.0 417.0
367 9.0 40.0 109.0 129.0
368 0.0 22.0 197.0 261.0
369 48.0 82.0 234.0 309.0
370 123.0 30.0 259.0 347.0
371 47.0 76.0 181.0 249.0
372 49.0 155.0 230.0 244.0
373 9.0 12.0 154.0 137.0
374 86.0 90.0 168.0 355.0
375 73.0 67.0 177.0 401.0
376 178.0 129.0 135.0 155.0
377 28.0 72.0 438.0 167.0
378 172.0 148.0 217.0 135.0
379 0.0 10.0 495.0 312.0
380 0.0 6.0 360.0 386.0
381 3.0 78.0 465.0 254.0
382 30.0 112.0 357.0 177.0
383 76.0 61.0 161.0 102.0
384 202.0 67.0 209.0 296.0
385 160.0 87.0 115.0 103.0
386 49.0 19.0 174.0 105.0
387 90.0 98.0 210.0 311.0
388 69.0 60.0 356.0 252.0
389 127.0 108.0 234.0 115.0
390 54.0 99.0 297.0 116.0
391 126.0 82.0 161.0 132.0
392 46.0 38.0 299.0 157.0
393 52.0 75.0 171.0 177.0
394 14.0 34.0 370.0 188.0
395 87.0 7.0 366.0 261.0
396 105.0 54.0 304.0 166.0
397 48.0 61.0 369.0 283.0
398 77.0 77.0 233.0 110.0
399 127.0 92.0 174.0 153.0
400 25.0 43.0 251.0 165.0
401 23.0 47.0 329.0 174.0
402 88.0 37.0 231.0 191.0
403 8.0 18.0 289.0 260.0
404 96.0 79.0 313.0 112.0
405 51.0 27.0 138.0 110.0
406 71.0 84.0 410.0 326.0
407 86.0 42.0 277.0 183.0
408 33.0 168.0 247.0 102.0
409 56.0 71.0 146.0 175.0
410 72.0 35.0 133.0 105.0
411 20.0 20.0 132.0 105.0
412 19.0 36.0 356.0 301.0
413 40.0 31.0 155.0 109.0
414 13.0 107.0 330.0 146.0
415 59.0 15.0 266.0 175.0
416 31.0 119.0 248.0 166.0
417 145.0 103.0 222.0 189.0
418 161.0 82.0 165.0 149.0
419 109.0 72.0 270.0 233.0
420 146.0 96.0 285.0 149.0
421 54.0 75.0 304.0 229.0
422 227.0 130.0 188.0 102.0
423 4.0 29.0 495.0 470.0
424 157.0 111.0 106.0 100.0
425 107.0 34.0 390.0 282.0
426 7.0 122.0 296.0 364.0
427 90.0 77.0 192.0 313.0
428 77.0 41.0 245.0 285.0
429 90.0 119.0 181.0 310.0
430 104.0 120.0 199.0 158.0
431 76.0 77.0 293.0 275.0
432 73.0 72.0 410.0 192.0
433 117.0 48.0 324.0 205.0
434 102.0 104.0 327.0 180.0
435 201.0 114.0 236.0 191.0
436 192.0 181.0 296.0 171.0
437 42.0 37.0 341.0 221.0
438 71.0 144.0 189.0 319.0
439 85.0 137.0 290.0 193.0
440 166.0 53.0 211.0 249.0
441 153.0 77.0 257.0 251.0
442 101.0 95.0 243.0 192.0
443 64.0 27.0 328.0 211.0
444 50.0 42.0 222.0 319.0
445 212.0 111.0 164.0 124.0
446 271.0 32.0 124.0 453.0
447 161.0 41.0 175.0 374.0
448 47.0 26.0 377.0 267.0
449 214.0 98.0 228.0 266.0
450 103.0 83.0 186.0 155.0
451 9.0 104.0 321.0 172.0
452 128.0 38.0 251.0 270.0
453 101.0 63.0 233.0 187.0
454 76.0 25.0 153.0 151.0
455 204.0 14.0 283.0 267.0
456 202.0 143.0 140.0 153.0
457 149.0 48.0 277.0 187.0
458 159.0 72.0 291.0 170.0
459 96.0 114.0 291.0 155.0
460 144.0 88.0 264.0 189.0
461 16.0 80.0 417.0 254.0
462 28.0 34.0 417.0 318.0
463 56.0 83.0 277.0 321.0
464 140.0 53.0 191.0 261.0
465 48.0 86.0 126.0 104.0
466 134.0 126.0 207.0 270.0
467 242.0 71.0 207.0 174.0
468 74.0 112.0 237.0 239.0
469 117.0 86.0 368.0 197.0
470 147.0 29.0 293.0 280.0
471 54.0 33.0 232.0 322.0
472 35.0 18.0 373.0 332.0
473 9.0 16.0 488.0 339.0
474 3.0 43.0 384.0 384.0
475 73.0 112.0 190.0 300.0
476 62.0 33.0 437.0 341.0
477 58.0 48.0 291.0 395.0
478 65.0 224.0 323.0 238.0
479 214.0 42.0 222.0 290.0
480 218.0 82.0 234.0 294.0
481 21.0 43.0 405.0 328.0
482 82.0 52.0 326.0 376.0
483 95.0 73.0 282.0 320.0
484 187.0 129.0 131.0 226.0
485 130.0 124.0 351.0 205.0
486 138.0 137.0 126.0 260.0
487 110.0 144.0 171.0 156.0
488 218.0 39.0 205.0 360.0
489 75.0 74.0 255.0 190.0
490 208.0 180.0 100.0 108.0
491 147.0 39.0 137.0 277.0
492 141.0 148.0 173.0 174.0
493 204.0 101.0 180.0 122.0
494 21.0 178.0 290.0 145.0
495 88.0 101.0 234.0 182.0
496 112.0 143.0 218.0 219.0
497 77.0 95.0 155.0 222.0
498 39.0 128.0 295.0 188.0
499 159.0 90.0 109.0 139.0
500 121.0 103.0 354.0 191.0
501 74.0 15.0 425.0 316.0
502 15.0 90.0 366.0 204.0
503 142.0 68.0 332.0 212.0
504 82.0 60.0 282.0 211.0
505 52.0 142.0 251.0 202.0
506 4.0 67.0 457.0 260.0
507 149.0 137.0 210.0 201.0
508 136.0 97.0 150.0 170.0
509 142.0 49.0 356.0 242.0
510 72.0 53.0 415.0 182.0
511 116.0 81.0 256.0 193.0
512 60.0 68.0 265.0 367.0
513 115.0 106.0 185.0 338.0
514 82.0 92.0 317.0 365.0
515 108.0 39.0 124.0 173.0
516 2.0 58.0 477.0 258.0
517 200.0 75.0 219.0 242.0
518 36.0 97.0 296.0 328.0
519 41.0 28.0 438.0 274.0
520 156.0 45.0 168.0 251.0
521 25.0 56.0 356.0 402.0
522 53.0 158.0 253.0 186.0
523 63.0 106.0 242.0 307.0
524 108.0 54.0 349.0 280.0
525 189.0 139.0 223.0 186.0
526 85.0 151.0 160.0 205.0
527 237.0 137.0 196.0 223.0
528 184.0 93.0 234.0 167.0
529 104.0 78.0 267.0 268.0
530 29.0 98.0 398.0 221.0
531 94.0 115.0 253.0 122.0
532 75.0 84.0 294.0 221.0
533 228.0 137.0 194.0 225.0
534 255.0 125.0 158.0 116.0
535 103.0 83.0 185.0 409.0
536 193.0 129.0 153.0 150.0
537 50.0 146.0 152.0 102.0
538 95.0 145.0 194.0 228.0
539 170.0 97.0 191.0 224.0
540 141.0 84.0 259.0 228.0
541 17.0 24.0 457.0 450.0
542 145.0 88.0 304.0 195.0
543 133.0 61.0 255.0 215.0
544 139.0 91.0 174.0 326.0
545 113.0 79.0 327.0 173.0
546 75.0 123.0 283.0 222.0
547 63.0 90.0 344.0 311.0
548 50.0 65.0 179.0 185.0
549 10.0 10.0 465.0 313.0
550 161.0 126.0 226.0 140.0
551 144.0 80.0 255.0 177.0
552 73.0 11.0 404.0 274.0
553 161.0 43.0 187.0 317.0
554 6.0 8.0 465.0 402.0
555 121.0 72.0 297.0 235.0
556 133.0 100.0 316.0 156.0
557 72.0 71.0 418.0 415.0
558 139.0 60.0 339.0 248.0
559 85.0 115.0 282.0 146.0
560 106.0 43.0 265.0 252.0
561 113.0 99.0 326.0 267.0
562 95.0 64.0 270.0 238.0
563 145.0 165.0 121.0 127.0
564 88.0 37.0 227.0 114.0
565 94.0 91.0 258.0 358.0
566 174.0 25.0 274.0 302.0
567 80.0 165.0 178.0 107.0
568 56.0 50.0 400.0 155.0
569 41.0 77.0 287.0 216.0
570 2.0 46.0 436.0 327.0
571 22.0 151.0 369.0 178.0
572 83.0 141.0 259.0 178.0
573 24.0 57.0 460.0 256.0
574 58.0 94.0 307.0 212.0
575 29.0 42.0 325.0 218.0
576 188.0 92.0 120.0 218.0
577 88.0 39.0 305.0 279.0
578 61.0 134.0 226.0 155.0
579 137.0 105.0 173.0 166.0
580 114.0 91.0 253.0 216.0
581 93.0 83.0 379.0 318.0
582 81.0 121.0 258.0 298.0
583 140.0 65.0 273.0 230.0
584 88.0 121.0 229.0 144.0
585 160.0 106.0 127.0 143.0
586 96.0 64.0 294.0 394.0
587 32.0 110.0 249.0 265.0
588 161.0 65.0 237.0 281.0
589 86.0 148.0 324.0 152.0
590 88.0 56.0 168.0 136.0
591 177.0 175.0 158.0 166.0
592 151.0 98.0 160.0 223.0
593 210.0 120.0 156.0 149.0
594 102.0 49.0 147.0 133.0
595 87.0 68.0 195.0 156.0
596 195.0 92.0 207.0 138.0
597 181.0 156.0 184.0 109.0
598 127.0 142.0 366.0 182.0
599 84.0 26.0 238.0 148.0
600 152.0 136.0 287.0 200.0
601 118.0 117.0 179.0 196.0
602 138.0 106.0 281.0 124.0
603 140.0 14.0 334.0 172.0
604 189.0 112.0 151.0 121.0
605 66.0 95.0 327.0 224.0
606 120.0 202.0 152.0 250.0
607 115.0 102.0 285.0 315.0
608 183.0 88.0 123.0 181.0
609 142.0 176.0 100.0 226.0
610 140.0 94.0 113.0 255.0
611 127.0 93.0 145.0 291.0
612 71.0 96.0 191.0 162.0
613 53.0 42.0 371.0 166.0
614 22.0 28.0 458.0 291.0
615 152.0 64.0 124.0 182.0
616 202.0 47.0 212.0 246.0
617 37.0 110.0 269.0 334.0
618 114.0 32.0 131.0 177.0
619 18.0 84.0 271.0 316.0
620 100.0 117.0 210.0 122.0
621 171.0 117.0 109.0 163.0
622 195.0 125.0 164.0 174.0
623 136.0 110.0 182.0 213.0
624 131.0 136.0 210.0 315.0
625 166.0 163.0 170.0 311.0
626 129.0 140.0 204.0 188.0
627 156.0 106.0 157.0 166.0
628 135.0 110.0 163.0 135.0
629 210.0 150.0 158.0 135.0
630 54.0 97.0 281.0 182.0
631 140.0 83.0 164.0 205.0
632 106.0 176.0 120.0 114.0
633 148.0 104.0 139.0 369.0
634 153.0 89.0 201.0 223.0
635 190.0 80.0 188.0 219.0
636 136.0 84.0 140.0 255.0
637 170.0 20.0 121.0 300.0
638 228.0 48.0 219.0 257.0
639 196.0 94.0 160.0 201.0
640 151.0 99.0 179.0 175.0
641 111.0 120.0 179.0 157.0
642 104.0 107.0 184.0 285.0
643 116.0 57.0 332.0 333.0
644 161.0 75.0 161.0 184.0
645 183.0 69.0 141.0 332.0
646 98.0 102.0 270.0 178.0
647 72.0 104.0 285.0 350.0
648 117.0 88.0 195.0 213.0
649 102.0 77.0 198.0 198.0
650 42.0 111.0 267.0 161.0
651 1.0 128.0 338.0 171.0
652 165.0 153.0 309.0 235.0
653 124.0 89.0 157.0 216.0
654 136.0 247.0 244.0 187.0
655 109.0 110.0 292.0 315.0
656 1.0 100.0 299.0 276.0
657 152.0 56.0 259.0 301.0
658 180.0 89.0 261.0 235.0
659 116.0 123.0 174.0 189.0
660 104.0 61.0 324.0 194.0
661 48.0 73.0 182.0 162.0
662 207.0 94.0 156.0 171.0
663 88.0 77.0 263.0 270.0
664 139.0 89.0 157.0 152.0
665 126.0 121.0 225.0 289.0
666 96.0 119.0 156.0 163.0
667 69.0 113.0 311.0 157.0
668 145.0 63.0 258.0 256.0
669 192.0 70.0 190.0 211.0
670 83.0 29.0 270.0 332.0
671 94.0 41.0 180.0 289.0
672 99.0 125.0 194.0 291.0
673 161.0 93.0 123.0 121.0
674 295.0 111.0 130.0 183.0
675 167.0 107.0 128.0 152.0
676 84.0 228.0 139.0 157.0
677 171.0 127.0 144.0 212.0
678 5.0 71.0 235.0 258.0
679 171.0 117.0 100.0 102.0
680 76.0 115.0 217.0 307.0
681 149.0 136.0 168.0 167.0
682 178.0 80.0 182.0 131.0
683 248.0 65.0 133.0 151.0
684 77.0 98.0 230.0 357.0
685 239.0 111.0 154.0 107.0
686 81.0 115.0 154.0 152.0
687 65.0 121.0 134.0 120.0
688 87.0 85.0 222.0 336.0
689 207.0 60.0 142.0 152.0
690 8.0 36.0 369.0 421.0
691 165.0 117.0 181.0 203.0
692 56.0 201.0 181.0 185.0
693 96.0 121.0 206.0 227.0
694 83.0 28.0 226.0 286.0
695 141.0 37.0 180.0 268.0
696 53.0 130.0 124.0 266.0
697 71.0 89.0 313.0 261.0
698 144.0 133.0 157.0 141.0
699 19.0 47.0 264.0 206.0
700 50.0 78.0 244.0 193.0
701 117.0 95.0 149.0 186.0
702 84.0 68.0 370.0 232.0
703 32.0 132.0 252.0 293.0
704 146.0 66.0 200.0 346.0
705 208.0 114.0 271.0 217.0
706 92.0 91.0 220.0 364.0
707 141.0 61.0 275.0 284.0
708 58.0 93.0 132.0 158.0
709 33.0 14.0 451.0 482.0
710 37.0 71.0 197.0 210.0
711 169.0 74.0 164.0 159.0
712 289.0 126.0 123.0 147.0
713 93.0 76.0 194.0 196.0
714 18.0 79.0 284.0 377.0
715 123.0 85.0 348.0 242.0
716 90.0 59.0 228.0 273.0
717 66.0 38.0 208.0 222.0
718 121.0 141.0 211.0 166.0
719 15.0 95.0 304.0 321.0
720 90.0 57.0 187.0 315.0
721 194.0 19.0 102.0 263.0
722 45.0 65.0 238.0 294.0
723 61.0 25.0 297.0 224.0
724 161.0 34.0 203.0 276.0
725 38.0 90.0 201.0 259.0
726 140.0 84.0 158.0 314.0
727 278.0 159.0 214.0 126.0
728 127.0 87.0 161.0 151.0
729 105.0 24.0 338.0 295.0
730 129.0 22.0 236.0 291.0
731 77.0 170.0 183.0 176.0
732 36.0 112.0 356.0 173.0
733 49.0 79.0 392.0 254.0
734 114.0 82.0 169.0 152.0
735 86.0 141.0 172.0 178.0
736 0.0 46.0 488.0 302.0
737 208.0 112.0 120.0 116.0
738 228.0 47.0 220.0 122.0
739 85.0 141.0 111.0 256.0
740 194.0 214.0 118.0 223.0
741 71.0 120.0 312.0 289.0
742 150.0 145.0 239.0 239.0
743 257.0 61.0 134.0 237.0
744 18.0 18.0 481.0 309.0
745 165.0 139.0 133.0 125.0
746 82.0 223.0 117.0 110.0
747 102.0 128.0 190.0 196.0
748 41.0 87.0 184.0 412.0
749 108.0 133.0 193.0 259.0
750 128.0 56.0 124.0 243.0
751 301.0 64.0 175.0 166.0
752 14.0 78.0 316.0 223.0
753 213.0 74.0 111.0 258.0
754 187.0 108.0 148.0 210.0
755 218.0 273.0 189.0 101.0
756 153.0 95.0 188.0 168.0
757 58.0 70.0 216.0 306.0
758 118.0 131.0 196.0 155.0
759 128.0 107.0 249.0 155.0
760 54.0 118.0 227.0 291.0
761 119.0 93.0 152.0 223.0
762 119.0 78.0 144.0 137.0
763 91.0 149.0 219.0 174.0
764 86.0 145.0 206.0 161.0
765 109.0 37.0 307.0 277.0
766 127.0 117.0 154.0 243.0
767 51.0 62.0 307.0 263.0
768 274.0 25.0 204.0 208.0
769 120.0 150.0 127.0 168.0
770 142.0 90.0 215.0 196.0
771 95.0 121.0 117.0 121.0
772 89.0 110.0 142.0 195.0
773 52.0 147.0 260.0 200.0
774 145.0 75.0 181.0 161.0
775 7.0 105.0 431.0 288.0
776 102.0 145.0 183.0 140.0
777 66.0 84.0 315.0 136.0
778 88.0 72.0 346.0 256.0
779 174.0 52.0 309.0 226.0
780 51.0 77.0 312.0 226.0
781 199.0 95.0 194.0 231.0
782 61.0 68.0 178.0 192.0
783 139.0 123.0 190.0 249.0
784 29.0 47.0 229.0 177.0
785 37.0 151.0 287.0 210.0
786 184.0 27.0 169.0 176.0
787 112.0 93.0 250.0 331.0
788 27.0 58.0 222.0 243.0
789 216.0 159.0 147.0 266.0
790 71.0 89.0 282.0 148.0
791 69.0 87.0 300.0 179.0
792 215.0 51.0 108.0 268.0
793 138.0 100.0 267.0 369.0
794 76.0 153.0 190.0 305.0
795 157.0 239.0 140.0 147.0
796 222.0 86.0 151.0 107.0
797 139.0 178.0 168.0 171.0
798 180.0 120.0 158.0 251.0
799 120.0 155.0 174.0 139.0
800 69.0 191.0 136.0 250.0
801 265.0 93.0 197.0 164.0
802 179.0 182.0 190.0 177.0
803 50.0 132.0 330.0 244.0
804 45.0 154.0 123.0 226.0
805 143.0 187.0 137.0 254.0
806 213.0 94.0 189.0 253.0
807 122.0 96.0 131.0 199.0
808 162.0 40.0 122.0 227.0
809 243.0 87.0 180.0 145.0
810 213.0 117.0 106.0 167.0
811 38.0 82.0 179.0 300.0
812 88.0 135.0 169.0 257.0
813 118.0 126.0 224.0 281.0
814 115.0 170.0 108.0 222.0
815 161.0 88.0 257.0 132.0
816 99.0 176.0 152.0 224.0
817 174.0 72.0 143.0 190.0
818 106.0 178.0 132.0 186.0
819 164.0 120.0 234.0 212.0
820 101.0 95.0 222.0 231.0
821 136.0 90.0 100.0 244.0
822 52.0 72.0 218.0 322.0
823 173.0 90.0 195.0 281.0
824 175.0 176.0 159.0 136.0
825 249.0 138.0 145.0 115.0
826 26.0 69.0 388.0 171.0
827 113.0 105.0 341.0 233.0
828 116.0 153.0 218.0 162.0
829 211.0 125.0 227.0 146.0
830 78.0 140.0 214.0 117.0
831 59.0 57.0 434.0 396.0
832 1.0 38.0 439.0 335.0
833 156.0 116.0 158.0 208.0
834 125.0 98.0 209.0 156.0
835 172.0 52.0 184.0 213.0
836 111.0 16.0 249.0 302.0
837 130.0 122.0 307.0 327.0
838 28.0 72.0 339.0 208.0
839 87.0 47.0 378.0 246.0
840 124.0 163.0 211.0 203.0
841 14.0 179.0 193.0 154.0
842 83.0 91.0 310.0 193.0
843 32.0 97.0 207.0 343.0
844 119.0 101.0 255.0 166.0
845 95.0 100.0 251.0 213.0
846 57.0 197.0 114.0 140.0
847 113.0 86.0 378.0 217.0
848 29.0 60.0 403.0 253.0
849 208.0 169.0 108.0 124.0
850 142.0 105.0 223.0 199.0
851 207.0 90.0 106.0 138.0
852 88.0 120.0 227.0 139.0
853 178.0 79.0 262.0 202.0
854 101.0 34.0 387.0 354.0
855 123.0 190.0 265.0 250.0
856 47.0 64.0 399.0 384.0
857 180.0 93.0 262.0 143.0
858 205.0 84.0 289.0 153.0
859 104.0 40.0 289.0 346.0
860 28.0 67.0 372.0 225.0
861 136.0 66.0 349.0 161.0
862 30.0 87.0 278.0 143.0
863 43.0 52.0 258.0 340.0
864 55.0 70.0 334.0 423.0
865 183.0 124.0 162.0 106.0
866 58.0 98.0 314.0 178.0
867 228.0 116.0 143.0 177.0
868 68.0 55.0 388.0 308.0
869 25.0 64.0 366.0 222.0
870 197.0 71.0 119.0 142.0
871 215.0 119.0 158.0 249.0
872 291.0 92.0 108.0 239.0
873 94.0 242.0 167.0 191.0
874 137.0 67.0 175.0 274.0
875 27.0 42.0 376.0 406.0
876 111.0 75.0 193.0 391.0
877 195.0 46.0 264.0 321.0
878 98.0 178.0 152.0 164.0
879 50.0 58.0 224.0 210.0
880 158.0 72.0 174.0 324.0
881 134.0 134.0 221.0 330.0
882 119.0 39.0 295.0 247.0
883 75.0 38.0 386.0 277.0
884 105.0 78.0 207.0 218.0
885 83.0 93.0 132.0 293.0
886 89.0 96.0 286.0 183.0
887 209.0 79.0 139.0 244.0
888 168.0 156.0 102.0 123.0
889 224.0 114.0 121.0 158.0
890 179.0 69.0 160.0 211.0
891 114.0 25.0 192.0 251.0
892 73.0 81.0 241.0 203.0
893 159.0 78.0 190.0 210.0
894 94.0 107.0 154.0 121.0
895 127.0 198.0 127.0 125.0
896 198.0 69.0 234.0 255.0
897 85.0 17.0 334.0 345.0
898 118.0 19.0 354.0 291.0
899 142.0 49.0 166.0 307.0
900 113.0 36.0 311.0 185.0
901 116.0 169.0 156.0 173.0
902 167.0 73.0 194.0 404.0
903 2.0 28.0 467.0 389.0
904 219.0 22.0 270.0 352.0
905 164.0 99.0 323.0 297.0
906 65.0 77.0 316.0 365.0
907 91.0 118.0 185.0 276.0
908 131.0 32.0 309.0 395.0
909 81.0 151.0 257.0 115.0
910 56.0 112.0 293.0 138.0
911 111.0 90.0 276.0 157.0
912 4.0 167.0 186.0 252.0
913 146.0 22.0 201.0 477.0
914 67.0 76.0 161.0 394.0
915 44.0 109.0 207.0 257.0
916 125.0 89.0 374.0 236.0
917 163.0 74.0 122.0 226.0
918 120.0 45.0 370.0 272.0
919 102.0 58.0 217.0 414.0
920 226.0 53.0 196.0 170.0
921 138.0 115.0 280.0 194.0
922 112.0 37.0 231.0 277.0
923 90.0 67.0 286.0 244.0
924 111.0 70.0 204.0 268.0
925 74.0 41.0 241.0 328.0
926 89.0 78.0 383.0 242.0
927 87.0 68.0 384.0 277.0
928 67.0 81.0 215.0 361.0
929 44.0 84.0 166.0 139.0
930 111.0 48.0 349.0 296.0
931 37.0 90.0 357.0 177.0
932 91.0 38.0 396.0 425.0
933 192.0 31.0 205.0 283.0
934 69.0 150.0 225.0 186.0
935 53.0 97.0 238.0 264.0
936 98.0 48.0 260.0 451.0
937 98.0 1.0 349.0 357.0
938 98.0 75.0 401.0 288.0
939 89.0 52.0 335.0 401.0
940 81.0 55.0 287.0 343.0
941 0.0 73.0 341.0 355.0
942 159.0 126.0 157.0 338.0
943 137.0 54.0 186.0 357.0
944 293.0 75.0 141.0 255.0
945 33.0 50.0 171.0 205.0
946 33.0 47.0 282.0 427.0
947 26.0 32.0 415.0 251.0
948 75.0 38.0 203.0 375.0
949 101.0 80.0 262.0 419.0
950 93.0 114.0 316.0 335.0
951 193.0 114.0 224.0 198.0
952 106.0 65.0 157.0 392.0
953 63.0 35.0 134.0 271.0
954 67.0 109.0 222.0 160.0
955 183.0 32.0 211.0 317.0
956 25.0 29.0 135.0 103.0
957 76.0 113.0 377.0 242.0
958 121.0 23.0 241.0 340.0
959 57.0 40.0 194.0 147.0
960 27.0 6.0 148.0 127.0
961 51.0 69.0 316.0 327.0
962 122.0 48.0 218.0 255.0
963 70.0 42.0 202.0 246.0
964 87.0 40.0 322.0 291.0
965 83.0 55.0 288.0 222.0
966 206.0 105.0 119.0 179.0
967 129.0 87.0 286.0 156.0
968 140.0 48.0 259.0 284.0
969 105.0 55.0 286.0 234.0
970 13.0 29.0 276.0 458.0
971 9.0 54.0 301.0 424.0
972 27.0 110.0 242.0 346.0
973 153.0 71.0 317.0 242.0
974 56.0 39.0 217.0 205.0
975 38.0 18.0 208.0 236.0
976 4.0 4.0 142.0 235.0
977 104.0 22.0 208.0 190.0
978 100.0 164.0 103.0 217.0
979 4.0 60.0 397.0 268.0
980 44.0 100.0 253.0 323.0
981 104.0 8.0 238.0 320.0
982 1.0 23.0 307.0 476.0
983 174.0 61.0 109.0 277.0
984 55.0 114.0 320.0 228.0
985 102.0 72.0 175.0 170.0
986 198.0 140.0 100.0 207.0
987 191.0 40.0 155.0 291.0
988 53.0 40.0 243.0 183.0
989 58.0 51.0 247.0 157.0
990 43.0 24.0 222.0 188.0
991 6.0 10.0 337.0 305.0
992 15.0 20.0 383.0 275.0
993 135.0 79.0 174.0 186.0
994 43.0 69.0 330.0 277.0
995 46.0 41.0 163.0 270.0
996 66.0 67.0 268.0 430.0
997 35.0 29.0 179.0 218.0
998 86.0 87.0 201.0 161.0
999 2.0 69.0 457.0 311.0
1000 202.0 69.0 197.0 253.0
1001 75.0 81.0 310.0 311.0
1002 96.0 90.0 148.0 191.0
1003 106.0 62.0 169.0 409.0
1004 112.0 82.0 338.0 321.0
1005 63.0 66.0 197.0 380.0
1006 164.0 124.0 230.0 171.0
1007 146.0 107.0 253.0 152.0
1008 205.0 115.0 140.0 190.0
1009 184.0 94.0 258.0 236.0
1010 151.0 100.0 315.0 202.0
1011 10.0 26.0 365.0 317.0
1012 259.0 67.0 152.0 278.0
1013 213.0 135.0 250.0 184.0
1014 49.0 48.0 355.0 318.0
1015 112.0 76.0 371.0 254.0
1016 183.0 92.0 117.0 108.0
1017 15.0 44.0 465.0 287.0
1018 59.0 124.0 275.0 160.0
1019 133.0 60.0 287.0 257.0
1020 29.0 89.0 332.0 214.0
1021 63.0 100.0 408.0 192.0
1022 153.0 33.0 299.0 336.0
1023 48.0 54.0 451.0 251.0
1024 48.0 20.0 176.0 343.0
1025 65.0 43.0 366.0 268.0
1026 141.0 19.0 216.0 364.0
1027 102.0 87.0 319.0 326.0
1028 49.0 48.0 238.0 410.0
1029 10.0 72.0 430.0 201.0
1030 144.0 127.0 229.0 179.0
1031 173.0 72.0 232.0 203.0
1032 178.0 175.0 247.0 105.0
1033 91.0 63.0 288.0 254.0
1034 135.0 101.0 269.0 220.0
1035 131.0 68.0 246.0 205.0
1036 103.0 65.0 261.0 166.0
1037 179.0 76.0 129.0 216.0
1038 60.0 48.0 256.0 232.0
1039 146.0 130.0 195.0 308.0
1040 232.0 109.0 116.0 256.0
1041 62.0 41.0 176.0 209.0
1042 88.0 64.0 195.0 409.0
1043 146.0 98.0 310.0 312.0
1044 123.0 86.0 191.0 181.0
1045 66.0 64.0 368.0 236.0
1046 148.0 121.0 261.0 133.0
1047 31.0 6.0 414.0 426.0
1048 190.0 13.0 212.0 291.0
1049 86.0 89.0 195.0 341.0
1050 45.0 53.0 349.0 194.0
1051 94.0 86.0 174.0 190.0
1052 46.0 36.0 425.0 271.0
1053 85.0 93.0 377.0 203.0
1054 48.0 93.0 426.0 218.0
1055 92.0 70.0 354.0 194.0
1056 26.0 104.0 344.0 218.0
1057 169.0 121.0 270.0 174.0
1058 80.0 79.0 264.0 213.0
1059 193.0 142.0 161.0 144.0
1060 151.0 130.0 102.0 152.0
1061 142.0 106.0 166.0 229.0
1062 82.0 123.0 277.0 205.0
1063 101.0 121.0 225.0 106.0
1064 99.0 60.0 278.0 293.0
1065 158.0 73.0 236.0 191.0
1066 41.0 76.0 403.0 207.0
1067 91.0 106.0 139.0 303.0
1068 102.0 198.0 184.0 243.0
1069 214.0 83.0 191.0 199.0
1070 28.0 170.0 166.0 300.0
1071 58.0 65.0 175.0 382.0
1072 120.0 88.0 376.0 289.0
1073 40.0 119.0 385.0 232.0
1074 48.0 120.0 190.0 207.0
1075 128.0 36.0 357.0 296.0
1076 131.0 157.0 166.0 158.0
1077 179.0 77.0 185.0 196.0
1078 225.0 48.0 115.0 283.0
1079 62.0 100.0 394.0 232.0
1080 87.0 125.0 231.0 120.0
1081 131.0 123.0 173.0 188.0
1082 73.0 88.0 371.0 164.0
1083 100.0 160.0 194.0 129.0
1084 184.0 140.0 201.0 121.0
1085 127.0 90.0 223.0 132.0
1086 61.0 66.0 303.0 373.0
1087 296.0 93.0 152.0 138.0
1088 142.0 134.0 213.0 236.0
1089 44.0 47.0 195.0 135.0
1090 129.0 149.0 159.0 206.0
1091 128.0 92.0 269.0 180.0
1092 188.0 105.0 158.0 248.0
1093 73.0 62.0 309.0 191.0
1094 91.0 47.0 166.0 274.0
1095 96.0 66.0 200.0 392.0
1096 79.0 61.0 176.0 307.0
1097 129.0 107.0 346.0 155.0
1098 94.0 83.0 230.0 298.0
1099 40.0 191.0 234.0 262.0
1100 105.0 64.0 349.0 201.0
1101 23.0 133.0 282.0 160.0
1102 55.0 161.0 240.0 194.0
1103 98.0 94.0 273.0 198.0
1104 109.0 195.0 149.0 186.0
1105 132.0 46.0 171.0 197.0
1106 223.0 67.0 177.0 166.0
1107 59.0 107.0 295.0 392.0
1108 123.0 18.0 183.0 305.0
1109 25.0 31.0 217.0 241.0
1110 245.0 121.0 166.0 128.0
1111 188.0 74.0 159.0 237.0
1112 205.0 126.0 120.0 139.0
1113 243.0 131.0 135.0 112.0
1114 53.0 98.0 150.0 131.0
1115 199.0 95.0 235.0 221.0
